-29-

1111101101 110101010111111100010111 10011010. gen. 011
(1010011οο 1 101101. XXIV. 28.

Α11100101 10101010110101011111 01010. 0110000011. 011
1100101100 01010. 1101. 110. XXIV. 3111. 111. 11.
10 101101. 110. VI. 6. VIII. 4. 111. 31. XVII, 111. 11.
nen In. 1101. 110. VII. 16.1Χ,211.11.
101 10. 1101. 110. 11. 15. 11
1 1130010110 1010. 1101110. V. 7. VI. 3111. ,
10,11 11111 100101, 11. 110. IV. 13. 11.

1111100101101010101011010111001. 01 10010000. singular. 011
100011001100001 1 1111111010. 1101. 110. 111, 3111. 12. XV. 84. 01.

11110010110101010110110110110. 01 1010. gen. 010111. 011
1100101100 1111011101. 110111. 21. XII. 13. 8001111. 1, 111. 01.

Not· 010010οι 0110001 011 ¹
demonico 1 101.11011.10.11Χ1’.41.“1111111. 14. 111. 17. 11.
m 101. 1101. 11. 2. 3. 01. V. 22. 01.
1110111100 u 8000. VIII. 1. 11.
1180001111. P. 1. 110. VIII. 3. 11.

(100111010011 particularis 011
1100101100 010 8000111. 110. 3, 4. 1⁰, 3. 12. 11.

1000111101 001100010011111 011
1100101100 0 10. 1100. 110. XXIII. 7. xv13 18, 22. 11.
1110111100 08000. XIV. P. I. 110. IV. 4. 11.

(10001 femininum vocabulorum 1011101101 10 1100 1110011 111011
1101001100 1 10. 1101. 110. VI. 16. 8000. II. 3, 8. 111. 3, 8.11.

11010101 0100111101101000101110111, quae pronunciari 0011001,
1101101100 010 8000. III. 1, 5. 8. 18. 11.
nl· vel mh. 8000. 111. 2, 211. 3, ὃ. 9. 11.
1110111100 mo 8000. VIII. 110. V. I. 11.

81110 00011100101110110100101 1110100101 ¹ '
1100101100 1010 00 1111011.. 11’,29. VI. 8. XXVIII. 21111111. 11. 11. ·

110111111011011011110111110111101 01010111, 101 00011 11111111 ”
1100101100 0 (110001101001111010. 1101117, 14. IX. 2⁰. XXI. 18. 11.

1 111010011011111000 0111101 oum puncto 111101. IV. 18. XX. 17. 01.
101 η 1010. 1101. 110. II, 2. V. 111. XIII. 8. 11.
0 01 ω 10101101. 110. VIII. 11111111. 22. 01.
01010. 110111011111. 7. XV. 24. 01.
10101 001010. 1101. 110. XVI. 3. 11.
00 01 οη 1010. 1101. 110. XVII. 8. 13.1. 2⁰. 01.
001010. 1101. 110111. 11. VIII. 3. γ11.

111010 1130111011 100011110 01011010 10001011
1101001100 1010. 1101. 110. 1111111. 28, 17. XXIV. 31. XXV. 1. 01.

1110000100 1100011111 101101110οω 111 (1110, 0101, 01, eum)
dommim s VflI φ vel η Iule· 111011 111111 1. 12 vu· 2· 31 ΙΙ. δί·
u 10101101. 110. 11111. 2. 11. ·

1110101100 0 101 u 8000. XIV. 110. VI. 1. 011. 11. 110. 11. 6. 11.

1110001000 0101111οι1100110001 011 (1111,11101010, 11111,11101)
1011101100 00 10. 1101. 110. VIII. 14, 11.

 

