...44.-

4411444444 111.-498. 4. ceteri. 441 111. 43040· 9919 14. 1596. 111. Τ. 144
44441.,41144·41117 94. 8, 139,.33·10,16 1031· 18, 14. 13

4. 344 43 3434. 4ο, 4444434. 443 44. 4344 ,.,., 44 4, 43. 44 4,,
xlv· 43, 4. zoe-,117 433 44. 4 3 444. 4, 3. 44. 44

requies 414. 18,90. 93. 4414414144 111 9, 943, 40. 5,19. 9890, 49498
retributio 777. 90, 30. 99, 37. 30, 47. 34. 34, 44. 34 94, 95 95, 90 94
99830649 49 30.1119,.94

4441111.0.935.3,6.45
7, 9494 95, 36 99, 95. 819
989095973198999109403149,0418,.10109.414319913,5.99,98
39989413, 41. 45946191441. 16. 47.-7 4430. 45,91. 91. 1044 .,19,,33.90491 43
39 98 11. 7, 441. 111. 4, 4. 4411 4411 15.94,30.96,49030.98,499, 8 99306
,444114411119359083410. 1411043. 40 463031 8.,399. 11. 3,19. 45. 45890
44444111. 31, 5 111. 9, 97. 44847. 4..41444 10, 4314, 413093. Τ.19,3. 111. 4549
44444444 111. 4994099. 1444144030. 99. 84498.,...6579 14438, 439ομ6 4149.

19499 414144444111.1,17,,.9903,.9.4,31.5,11.6,10.7,1

309339 96483699949094 18.30,.7 4441441111096 118101018 199094 ’

15991513051959411.9,1.3,11.4,.904114411187,188,3.9,97.1494014130
7 49390 13, 41. 111. 9, 45, 803. 10, 45 17, 37· 49 91 94116· 9431. 97, 91. 983699,
44.’4,.,.4444.46.,.,..64ο443444 4.’..”.,4.4434444
4441444144 4.,.441138 111. 3,,859014 314514 0444144419. 86 ε’
·18. 6, 5. 4144441144 111. 1441. ,
uncta 111. 9, 99. 96, 6. 30, 94. 31, 5. 11. 10, 1095. subiectus 111. 44, 14.
47. 44, 3. 44, 44430. 44, 44. T. 75, 4. 444. 4 8. ,4444444449914
13, 95. 7⁷1. B. 9. numere 177. 16, 99. r. cepere.
444416414111. 19, 3. 94, 73. 14. 34, 97. 4444441444 111. 7, 4.
4444144444 111. 30, 98. eunt 177. 98, 17. 14. 90, 4.
satisfacere 777. 96, 95. supr· 777. 48, 90. 95, 99.
44144 111. 90, 18. sunum 7⁷1. F. 1. 9.
4441444 111. 4, 99. 4444419519. ’
seribere 777. 4, 99. lv. 77, 7. , templum 111. 19, 36. 34. 9997. 99. 36, 91494146
secundun 111. 39, 46. 114411. 9856·39,19·95,1.99,17.94,36· 48, 9.19,9·
sennam 777 78, 78 v. generare. 93, 96. 9835. 3997 94, 7939. 90, 907, 7. 49,
444444 444144ῐί444444 77. 4419. 96. 16, 9· 47, 13. 34, 181099. 7977. 4305
44414444 777 4, 90. 97. 1898. 11949111. 70341033083916118184956
149141913044139051143. 515· 7,14.48.18,90..,’1“134349910
4444444440.,.111397 , 3194004791981991189049,
4444444414.,166. 3·,·7791V77,·77
,444444444444114901094101.444444,111.5,44.8,91.414449410304497.
4444444111. 91, 8 77· Α. 14. ’ 19, 3· 4816- 15,14· 97, 79· 95,30· 94345416
44444444189, 33. 141, 19· 9,5. 17⁷· 4, 78· motet. 14411193, 38·
44444.. The 1444411414 111. 905. vl. 11. 7.
444441481911185017.14444111.9,6.19,16.41.11.4. ,
111414 111. 41, 15. 81, 4· , 14411444 111. 39, 90.
4413444.11193,7. 39,6 , 4444111014. 41. ,
4344441818 14411414.90,4.Τ11
,444.44444411186.444.5,95.6,9.7,288,5.9,16. 444441114433.46,1ο.44.17,33.47,1, 1413
96 40 94. 13 93 4. imago 49. 106.
audone 777 4, 77· 10, 18. 17, 19· Π..3,94 43111141144441113431. ’
443. 1474814414 48 1ο1444111.7,13....4.98,3999,93.144,94414444414
41441111. 40, 6. 93, 095. 946. 95, 39. 97, 98. 98, 1444441111144111.7,44.411.19,.3
19. 39, 539, 13. 99. 111. 899. 1414 44414441897, 33·
411111. 7 9 399 99· 9015. 111.3,17. 111018. trigiam ib.
41, 47. turbem cogerem. 165.

 

.¹¹ 7

Ι

 

 

 

 

